{
 "cells": [
  {
   "cell_type": "markdown",
   "metadata": {},
   "source": []
  },
  {
   "cell_type": "code",
   "execution_count": 24,
   "metadata": {},
   "outputs": [],
   "source": [
    "import jieba\n",
    "import re\n",
    "import random\n",
    "import numpy as np\n",
    "\n",
    "Data_path = \"dataset2\"\n",
    "Topics = [\"射雕英雄传\", \"神雕侠侣\", \"倚天屠龙记\", \"天龙八部\"]\n",
    "\n",
    "N = 200 # 段落数，做训练集\n",
    "D = 500 # 每段的单词数"
   ]
  },
  {
   "cell_type": "code",
   "execution_count": 25,
   "metadata": {},
   "outputs": [],
   "source": [
    "def data_preprocess_sample(topic):\n",
    "    \"\"\"\n",
    "    输入主题（小说），预处理数据，从中进行文章抽样，然后分词。\n",
    "    每个小说抽 60 段，前 50 段作为训练集，后 10 段作为测试集。\n",
    "    \"\"\"\n",
    "\n",
    "    data = open(\"%s/%s.txt\" % (Data_path, topic), \"r\", encoding=\"utf-8\")\n",
    "    data = data.read()\n",
    "\n",
    "\n",
    "    ad = ['本书来自www.cr173.com免费txt小说下载站\\n更多更新免费电子书请关注www.cr173.com', '----〖新语丝电子文库(www.xys.org)〗', '新语丝电子文库',\n",
    "          '\\u3000', '\\n', '。', '？', '！', '，', '；', '：', '、', '《', '》', '“', '”', '‘', '’', '［', '］', '....', '......',\n",
    "          '『', '』', '（', '）', '…', '「', '」', '\\ue41b', '＜', '＞', '+', '\\x1a', '\\ue42b']\n",
    "    for a in ad:\n",
    "        data = data.replace(a, '')\n",
    "\n",
    "    data_sample = re.findall(r'.{%d}' % D, data)\n",
    "    data_sample = random.sample(data_sample, N//len(Topics) + 10)\n",
    "    data_sample = [jieba.lcut(d) for d in data_sample]\n",
    "\n",
    "    return data_sample[:-10], data_sample[-10:]\n",
    "    "
   ]
  },
  {
   "cell_type": "markdown",
   "metadata": {},
   "source": [
    "对四本小说进行预处理，各取出 50+10 段素材，每段长度 500 字。（但是由于编码问题，分词后有不少词语变成方格乱码，实际可用字数不足 500，不过影响不大，也能正常聚类）"
   ]
  },
  {
   "cell_type": "code",
   "execution_count": 26,
   "metadata": {},
   "outputs": [
    {
     "name": "stdout",
     "output_type": "stream",
     "text": [
      "200\n",
      "40\n"
     ]
    }
   ],
   "source": [
    "training_txt0, testing_txt0 = data_preprocess_sample(Topics[0])\n",
    "training_txt1, testing_txt1 = data_preprocess_sample(Topics[1])\n",
    "training_txt2, testing_txt2 = data_preprocess_sample(Topics[2])\n",
    "training_txt3, testing_txt3 = data_preprocess_sample(Topics[3])\n",
    "\n",
    "training_txt = training_txt0 + training_txt1 + training_txt2 + training_txt3\n",
    "testing_txt = testing_txt0 + testing_txt1 + testing_txt2 + testing_txt3\n",
    "\n",
    "print(len(training_txt))\n",
    "print(len(testing_txt))\n"
   ]
  },
  {
   "cell_type": "markdown",
   "metadata": {},
   "source": [
    "以下是训练过程。\n",
    "先给每一个 Document 的每一个词随机分配一个 Topic，然后就可以统计一些量：\n",
    "- 每个 Document 中，属于每一个 Topic 的词各有多少，记作 $Freq(Topic_j|Document_i)$\n",
    "- 每个 Document 中，有多少个 Word，记作 $Count(Document_i)$\n",
    "\n",
    "这两个量可以计算出 Document 中，每个 Topic 的概率分布。即：\n",
    "$ Freq(Topic_j|Document_i) / Count(Document_i) = P(Topic_j|Document_i)$\n",
    "\n",
    "- 每个 Topic 中，每个 Word 的频数有多少，记作 $Freq(Word_k|Topic_j)$\n",
    "- 每个 Topic 中，也多少个 Word，记作 $Count(Topic_j)$\n",
    "\n",
    "这两个量可以计算出 Topic 中，每个 Word 的概率分布。即：\n",
    "$ Freq(Word_k|Topic_j) / Count(Topic_j) = P(Word_k|Topic_j)$\n",
    "\n",
    "------\n",
    "\n",
    "接下来我们使用上面两个概率分布来反推。假设 Document 中的每一个 Word 是由最大概率来生成的，即：\n",
    "$ P(Word_k|Document_i) = P(Word_k|Topic_j) \\times P(Topic_j|Document_i)$\n",
    "\n",
    "由此，我们就可以挑出概率最大的 Topic，给每一个词重新分配一个 Topic，然后重复上述步骤，直到无法找到概率更大的新 Topic。"
   ]
  },
  {
   "cell_type": "code",
   "execution_count": 27,
   "metadata": {},
   "outputs": [
    {
     "name": "stdout",
     "output_type": "stream",
     "text": [
      "(200, 4)\n",
      "[14614 14521 14615 14500]\n",
      "(200,)\n"
     ]
    }
   ],
   "source": [
    "\n",
    "Topic_All = []  # 200 个文章，每个文章中的 500 个词是什么 topic\n",
    "Topic_count = {}    # 4 个 topic，每个 topic 当中有多少个词\n",
    "# 4 个 topic，每个 topic 中每个词的词频\n",
    "Topic0_fre = {}; Topic1_fre = {}; Topic2_fre = {}; Topic3_fre = {}\n",
    "Doc_fre = []  # 200 个文章，每个文章中，4 个 topic 的词各有多少\n",
    "Doc_count = []  # 200 个文章，每个文章中有多少个词（500）\n",
    "\n",
    "\n",
    "i = 0\n",
    "\n",
    "for data in training_txt:\n",
    "\n",
    "    topic = []      # 500 个词，每个词初始化一个 topic\n",
    "    docfre = {}\n",
    "\n",
    "    for word in data:\n",
    "        a = random.randint(0, len(Topics)-1)\n",
    "        topic.append(a)\n",
    "\n",
    "        if '\\u4e00' <= word <= '\\u9fa5':\n",
    "            Topic_count[a] = Topic_count.get(a, 0) + 1  # 统计每个 topic 总词数\n",
    "            docfre[a] = docfre.get(a, 0) + 1  # 统计每篇文章的词频\n",
    "            if i < 50:\n",
    "                Topic0_fre[word] = Topic0_fre.get(word, 0) + 1\n",
    "            elif i < 100:\n",
    "                Topic1_fre[word] = Topic1_fre.get(word, 0) + 1\n",
    "            elif i < 150:\n",
    "                Topic2_fre[word] = Topic2_fre.get(word, 0) + 1\n",
    "            else:\n",
    "                Topic3_fre[word] = Topic3_fre.get(word, 0) + 1\n",
    "        \n",
    "        #else:\n",
    "            #print(word)\n",
    "    \n",
    "    Topic_All.append(topic)\n",
    "\n",
    "    docfre = list(dict(sorted(docfre.items(), key=lambda x: x[0], reverse=False)).values())\n",
    "    Doc_fre.append(docfre)\n",
    "    Doc_count.append(sum(docfre))  # [500, 500, ...] 可惜很多乱码无法识别，实际不到 500\n",
    "\n",
    "    i = i + 1\n",
    "\n",
    "Topic_count = list(dict(sorted(Topic_count.items(), key=lambda x: x[0], reverse=False)).values())\n",
    "Doc_fre = np.array(Doc_fre)  # 转为array方便后续计算\n",
    "Topic_count = np.array(Topic_count)  # 转为array方便后续计算\n",
    "Doc_count = np.array(Doc_count)  # 转为array方便后续计算\n",
    "print(Doc_fre.shape)\n",
    "print(Topic_count)\n",
    "print(Doc_count.shape)\n"
   ]
  },
  {
   "cell_type": "code",
   "execution_count": 28,
   "metadata": {},
   "outputs": [
    {
     "name": "stdout",
     "output_type": "stream",
     "text": [
      "[[0.22775801 0.27402135 0.2633452  0.23487544]\n",
      " [0.23928571 0.27857143 0.22857143 0.25357143]\n",
      " [0.27666667 0.26       0.26333333 0.2       ]\n",
      " [0.23049645 0.30496454 0.24113475 0.22340426]\n",
      " [0.2293578  0.30275229 0.22324159 0.24464832]\n",
      " [0.22299652 0.24041812 0.28919861 0.24738676]\n",
      " [0.28424658 0.23630137 0.24315068 0.23630137]\n",
      " [0.21454545 0.22181818 0.25454545 0.30909091]\n",
      " [0.26369863 0.24657534 0.22945205 0.26027397]\n",
      " [0.27561837 0.30388693 0.19081272 0.22968198]\n",
      " [0.25       0.25       0.25684932 0.24315068]\n",
      " [0.26388889 0.28472222 0.21875    0.23263889]\n",
      " [0.23611111 0.26041667 0.22916667 0.27430556]\n",
      " [0.27797834 0.26353791 0.22021661 0.23826715]\n",
      " [0.20477816 0.23208191 0.25938567 0.30375427]\n",
      " [0.33670034 0.23905724 0.22222222 0.2020202 ]\n",
      " [0.24342105 0.23684211 0.27631579 0.24342105]\n",
      " [0.24914676 0.2559727  0.25938567 0.23549488]\n",
      " [0.26885246 0.21967213 0.29508197 0.21639344]\n",
      " [0.24422442 0.30363036 0.23432343 0.21782178]\n",
      " [0.27891156 0.21088435 0.2414966  0.26870748]\n",
      " [0.23920266 0.25249169 0.24584718 0.26245847]\n",
      " [0.22545455 0.26181818 0.28363636 0.22909091]\n",
      " [0.25566343 0.23624595 0.28478964 0.22330097]\n",
      " [0.27491409 0.2371134  0.24742268 0.24054983]\n",
      " [0.25081433 0.22801303 0.28013029 0.24104235]\n",
      " [0.24666667 0.26666667 0.23666667 0.25      ]\n",
      " [0.25082508 0.26072607 0.24092409 0.24752475]\n",
      " [0.19713262 0.23297491 0.2688172  0.30107527]\n",
      " [0.24752475 0.25082508 0.24422442 0.25742574]\n",
      " [0.26779661 0.18644068 0.26440678 0.28135593]\n",
      " [0.21223022 0.25539568 0.27697842 0.25539568]\n",
      " [0.28145695 0.25165563 0.1986755  0.26821192]\n",
      " [0.2875817  0.25816993 0.20588235 0.24836601]\n",
      " [0.22857143 0.23571429 0.28571429 0.25      ]\n",
      " [0.23049645 0.24822695 0.24468085 0.27659574]\n",
      " [0.20289855 0.26449275 0.24275362 0.28985507]\n",
      " [0.26739927 0.27106227 0.24175824 0.21978022]\n",
      " [0.26018809 0.2539185  0.26332288 0.22257053]\n",
      " [0.23300971 0.25889968 0.23300971 0.27508091]\n",
      " [0.25333333 0.25       0.23333333 0.26333333]\n",
      " [0.26829268 0.20557491 0.26829268 0.25783972]\n",
      " [0.28571429 0.21785714 0.24642857 0.25      ]\n",
      " [0.22648084 0.27526132 0.29965157 0.19860627]\n",
      " [0.24232082 0.25255973 0.27645051 0.22866894]\n",
      " [0.25255973 0.25255973 0.23208191 0.26279863]\n",
      " [0.24573379 0.20477816 0.27986348 0.26962457]\n",
      " [0.23255814 0.26910299 0.27242525 0.22591362]\n",
      " [0.23875433 0.26643599 0.26989619 0.22491349]\n",
      " [0.27457627 0.26440678 0.25084746 0.21016949]\n",
      " [0.26923077 0.22727273 0.26223776 0.24125874]\n",
      " [0.29692833 0.24573379 0.2559727  0.20136519]\n",
      " [0.29787234 0.20921986 0.23758865 0.25531915]\n",
      " [0.23222749 0.27962085 0.21800948 0.27014218]\n",
      " [0.27564103 0.24679487 0.25320513 0.22435897]\n",
      " [0.23104693 0.2599278  0.27075812 0.23826715]\n",
      " [0.24731183 0.2437276  0.2437276  0.26523297]\n",
      " [0.24482759 0.23793103 0.28965517 0.22758621]\n",
      " [0.20547945 0.2739726  0.28424658 0.23630137]\n",
      " [0.2414966  0.23469388 0.2414966  0.28231293]\n",
      " [0.23174603 0.25079365 0.25079365 0.26666667]\n",
      " [0.26573427 0.20629371 0.29370629 0.23426573]\n",
      " [0.22302158 0.26618705 0.31654676 0.1942446 ]\n",
      " [0.22789116 0.29591837 0.2414966  0.23469388]\n",
      " [0.27338129 0.21223022 0.29136691 0.22302158]\n",
      " [0.28865979 0.27491409 0.22680412 0.20962199]\n",
      " [0.20274914 0.27491409 0.24054983 0.28178694]\n",
      " [0.21993127 0.27835052 0.21649485 0.28522337]\n",
      " [0.27838828 0.23809524 0.23443223 0.24908425]\n",
      " [0.20447284 0.24920128 0.24920128 0.2971246 ]\n",
      " [0.17421603 0.29965157 0.29616725 0.22996516]\n",
      " [0.2996633  0.26599327 0.1986532  0.23569024]\n",
      " [0.2358804  0.2358804  0.24252492 0.28571429]\n",
      " [0.21575342 0.28082192 0.24315068 0.26027397]\n",
      " [0.30215827 0.25179856 0.22661871 0.21942446]\n",
      " [0.26101695 0.26440678 0.25762712 0.21694915]\n",
      " [0.23178808 0.2781457  0.25165563 0.2384106 ]\n",
      " [0.23745819 0.29431438 0.22742475 0.24080268]\n",
      " [0.23255814 0.24916944 0.24252492 0.27574751]\n",
      " [0.23076923 0.24749164 0.24080268 0.28093645]\n",
      " [0.31097561 0.23780488 0.25914634 0.19207317]\n",
      " [0.25266904 0.25978648 0.22775801 0.25978648]\n",
      " [0.22372881 0.2440678  0.26440678 0.26779661]\n",
      " [0.27210884 0.29591837 0.22789116 0.20408163]\n",
      " [0.29392971 0.23003195 0.2428115  0.23322684]\n",
      " [0.26910299 0.23255814 0.26578073 0.23255814]\n",
      " [0.23905724 0.21885522 0.24242424 0.2996633 ]\n",
      " [0.23076923 0.19230769 0.27884615 0.29807692]\n",
      " [0.22789116 0.24829932 0.26870748 0.25510204]\n",
      " [0.275      0.25       0.22       0.255     ]\n",
      " [0.23426573 0.28671329 0.27622378 0.2027972 ]\n",
      " [0.25342466 0.26712329 0.23630137 0.24315068]\n",
      " [0.27112676 0.23591549 0.23239437 0.26056338]\n",
      " [0.26056338 0.26056338 0.23591549 0.24295775]\n",
      " [0.21895425 0.26797386 0.25163399 0.26143791]\n",
      " [0.28937729 0.24908425 0.17216117 0.28937729]\n",
      " [0.3013245  0.24172185 0.21854305 0.2384106 ]\n",
      " [0.2455516  0.22775801 0.28825623 0.23843416]\n",
      " [0.27540984 0.24262295 0.23606557 0.24590164]\n",
      " [0.26       0.23       0.24666667 0.26333333]\n",
      " [0.24561404 0.26315789 0.28421053 0.20701754]\n",
      " [0.23791822 0.21561338 0.27881041 0.26765799]\n",
      " [0.23875433 0.23529412 0.24221453 0.28373702]\n",
      " [0.29333333 0.21666667 0.22666667 0.26333333]\n",
      " [0.29520295 0.27675277 0.21402214 0.21402214]\n",
      " [0.25342466 0.27054795 0.25       0.2260274 ]\n",
      " [0.23287671 0.28767123 0.2260274  0.25342466]\n",
      " [0.27152318 0.24172185 0.27483444 0.21192053]\n",
      " [0.22377622 0.28671329 0.24125874 0.24825175]\n",
      " [0.26241135 0.20212766 0.28723404 0.24822695]\n",
      " [0.27719298 0.24912281 0.23859649 0.23508772]\n",
      " [0.24548736 0.22743682 0.24187726 0.28519856]\n",
      " [0.25270758 0.23104693 0.31046931 0.20577617]\n",
      " [0.26279863 0.27303754 0.2116041  0.25255973]\n",
      " [0.30272109 0.20068027 0.27891156 0.21768707]\n",
      " [0.21070234 0.23411371 0.31438127 0.24080268]\n",
      " [0.24675325 0.24675325 0.24350649 0.26298701]\n",
      " [0.26164875 0.26164875 0.21863799 0.25806452]\n",
      " [0.25429553 0.27147766 0.24054983 0.23367698]\n",
      " [0.22895623 0.27609428 0.21212121 0.28282828]\n",
      " [0.21276596 0.27659574 0.21276596 0.29787234]\n",
      " [0.21352313 0.28113879 0.25978648 0.2455516 ]\n",
      " [0.26545455 0.19636364 0.31636364 0.22181818]\n",
      " [0.24333333 0.27666667 0.22666667 0.25333333]\n",
      " [0.27213115 0.25245902 0.21967213 0.2557377 ]\n",
      " [0.3        0.21071429 0.21428571 0.275     ]\n",
      " [0.22697368 0.26315789 0.26644737 0.24342105]\n",
      " [0.28965517 0.21724138 0.25172414 0.24137931]\n",
      " [0.25874126 0.26573427 0.23426573 0.24125874]\n",
      " [0.18819188 0.2398524  0.29889299 0.27306273]\n",
      " [0.25092251 0.24723247 0.24723247 0.25461255]\n",
      " [0.20344828 0.25862069 0.24482759 0.29310345]\n",
      " [0.24825175 0.26223776 0.18881119 0.3006993 ]\n",
      " [0.24468085 0.22340426 0.23404255 0.29787234]\n",
      " [0.23745819 0.26755853 0.26086957 0.23411371]\n",
      " [0.22299652 0.26480836 0.30662021 0.20557491]\n",
      " [0.25925926 0.22895623 0.24579125 0.26599327]\n",
      " [0.25       0.23666667 0.28333333 0.23      ]\n",
      " [0.23048327 0.3197026  0.22304833 0.2267658 ]\n",
      " [0.24657534 0.24315068 0.28767123 0.22260274]\n",
      " [0.28368794 0.21985816 0.25177305 0.24468085]\n",
      " [0.22261484 0.27208481 0.25088339 0.25441696]\n",
      " [0.2116041  0.24232082 0.25938567 0.28668942]\n",
      " [0.21232877 0.28082192 0.21575342 0.29109589]\n",
      " [0.25632911 0.25316456 0.25949367 0.23101266]\n",
      " [0.2733564  0.24567474 0.24567474 0.23529412]\n",
      " [0.24911032 0.24199288 0.28825623 0.22064057]\n",
      " [0.2295082  0.25245902 0.27213115 0.24590164]\n",
      " [0.28807947 0.24503311 0.22847682 0.2384106 ]\n",
      " [0.25441696 0.22261484 0.25795053 0.26501767]\n",
      " [0.22972973 0.25       0.24324324 0.27702703]\n",
      " [0.21724138 0.23103448 0.25172414 0.3       ]\n",
      " [0.21575342 0.27054795 0.24315068 0.27054795]\n",
      " [0.20289855 0.28623188 0.2173913  0.29347826]\n",
      " [0.23300971 0.26860841 0.24271845 0.25566343]\n",
      " [0.23630137 0.25       0.30479452 0.20890411]\n",
      " [0.27035831 0.22801303 0.2247557  0.27687296]\n",
      " [0.24468085 0.21276596 0.30851064 0.23404255]\n",
      " [0.30584192 0.2233677  0.21993127 0.25085911]\n",
      " [0.21649485 0.2371134  0.26804124 0.27835052]\n",
      " [0.21103896 0.23701299 0.29545455 0.25649351]\n",
      " [0.2559727  0.22525597 0.29010239 0.22866894]\n",
      " [0.24358974 0.2275641  0.21794872 0.31089744]\n",
      " [0.21052632 0.28289474 0.23684211 0.26973684]\n",
      " [0.29801325 0.24834437 0.2218543  0.23178808]\n",
      " [0.2166065  0.28519856 0.24909747 0.24909747]\n",
      " [0.26845638 0.22147651 0.29194631 0.21812081]\n",
      " [0.27242525 0.25249169 0.22259136 0.25249169]\n",
      " [0.22262774 0.28832117 0.27737226 0.21167883]\n",
      " [0.25423729 0.25084746 0.2440678  0.25084746]\n",
      " [0.25239617 0.26837061 0.24920128 0.23003195]\n",
      " [0.25084746 0.21355932 0.28474576 0.25084746]\n",
      " [0.25093633 0.20973783 0.28838951 0.25093633]\n",
      " [0.22402597 0.23051948 0.25649351 0.28896104]\n",
      " [0.2310231  0.21782178 0.25082508 0.30033003]\n",
      " [0.28275862 0.25517241 0.21034483 0.25172414]\n",
      " [0.27586207 0.23448276 0.24137931 0.24827586]\n",
      " [0.28787879 0.25151515 0.21818182 0.24242424]\n",
      " [0.21602787 0.24041812 0.28919861 0.2543554 ]\n",
      " [0.22327044 0.24528302 0.23899371 0.29245283]\n",
      " [0.26408451 0.22183099 0.27112676 0.24295775]\n",
      " [0.24579125 0.21885522 0.25589226 0.27946128]\n",
      " [0.28911565 0.23129252 0.23809524 0.2414966 ]\n",
      " [0.25083612 0.26421405 0.25752508 0.22742475]\n",
      " [0.28027682 0.24221453 0.28027682 0.19723183]\n",
      " [0.25503356 0.24161074 0.18456376 0.31879195]\n",
      " [0.29104478 0.23507463 0.21268657 0.26119403]\n",
      " [0.29470199 0.23509934 0.25165563 0.21854305]\n",
      " [0.24579125 0.22895623 0.25925926 0.26599327]\n",
      " [0.27368421 0.26315789 0.26315789 0.2       ]\n",
      " [0.28716216 0.25337838 0.23986486 0.21959459]\n",
      " [0.26710098 0.24429967 0.26058632 0.22801303]\n",
      " [0.2721519  0.21835443 0.28164557 0.2278481 ]\n",
      " [0.27681661 0.23183391 0.22145329 0.26989619]\n",
      " [0.24193548 0.25483871 0.29354839 0.20967742]\n",
      " [0.26732673 0.24092409 0.24752475 0.24422442]\n",
      " [0.26885246 0.24918033 0.24262295 0.23934426]\n",
      " [0.23905724 0.24579125 0.27272727 0.24242424]\n",
      " [0.23432343 0.2970297  0.23762376 0.2310231 ]\n",
      " [0.25182482 0.25182482 0.25182482 0.24452555]]\n"
     ]
    }
   ],
   "source": [
    "Doc_pro = []  # 每个topic被选中的概率\n",
    "Doc_pronew = []  # 记录每次迭代后每个topic被选中的新概率\n",
    "\n",
    "for i in range(len(training_txt)):\n",
    "\n",
    "    doc = np.divide(Doc_fre[i], Doc_count[i])\n",
    "    Doc_pro.append(doc)\n",
    "\n",
    "Doc_pro = np.array(Doc_pro)\n",
    "print(Doc_pro)"
   ]
  },
  {
   "cell_type": "code",
   "execution_count": 29,
   "metadata": {},
   "outputs": [
    {
     "name": "stdout",
     "output_type": "stream",
     "text": [
      "[[154  55  46  26]\n",
      " [139  67  15  59]\n",
      " [194  41  50  15]\n",
      " [131  87  40  24]\n",
      " [137 130  14  46]\n",
      " [131  39  66  51]\n",
      " [201  25  27  39]\n",
      " [133  13  25 104]\n",
      " [148  63  24  57]\n",
      " [177  61   8  37]\n",
      " [159  47  35  51]\n",
      " [148  71  17  52]\n",
      " [145  60  31  52]\n",
      " [158  64  18  37]\n",
      " [115  54  30  94]\n",
      " [204  48  25  20]\n",
      " [119  70  58  57]\n",
      " [145  62  40  46]\n",
      " [158  32  63  52]\n",
      " [119  95  46  43]\n",
      " [159  33  34  68]\n",
      " [149  61  29  62]\n",
      " [125  59  48  43]\n",
      " [138  42  74  55]\n",
      " [152  47  35  57]\n",
      " [134  68  57  48]\n",
      " [128  65  45  62]\n",
      " [119  84  38  62]\n",
      " [150  31  32  66]\n",
      " [147  58  37  61]\n",
      " [170  32  42  51]\n",
      " [134  61  45  38]\n",
      " [167  52  24  59]\n",
      " [129  82  33  62]\n",
      " [132  57  40  51]\n",
      " [134  42  38  68]\n",
      " [122  66  36  52]\n",
      " [137  65  42  29]\n",
      " [132 105  31  51]\n",
      " [141  75  35  58]\n",
      " [147  60  27  66]\n",
      " [145  46  44  52]\n",
      " [145  36  51  48]\n",
      " [140  56  40  51]\n",
      " [135  66  42  50]\n",
      " [148  58  30  57]\n",
      " [142  46  56  49]\n",
      " [140  62  47  52]\n",
      " [133  54  59  43]\n",
      " [122  76  43  54]\n",
      " [ 26 166  36  58]\n",
      " [ 20 190  44  39]\n",
      " [ 27 176  42  37]\n",
      " [ 16 136  24  35]\n",
      " [ 33 191  37  51]\n",
      " [ 26 166  49  36]\n",
      " [ 22 184  32  41]\n",
      " [ 37 148  43  62]\n",
      " [ 21 169  42  60]\n",
      " [ 28 170  48  48]\n",
      " [ 30 160  46  79]\n",
      " [ 37 165  42  42]\n",
      " [ 13  85  18  23]\n",
      " [ 33 197  28  36]\n",
      " [ 25 158  51  44]\n",
      " [ 23 170  45  53]\n",
      " [ 33 170  39  49]\n",
      " [ 21 184  27  59]\n",
      " [ 30 163  42  38]\n",
      " [ 17 190  50  56]\n",
      " [ 27 187  31  42]\n",
      " [ 34 186  38  39]\n",
      " [ 38 166  38  59]\n",
      " [ 40 148  61  43]\n",
      " [ 21 172  44  41]\n",
      " [ 28 174  41  52]\n",
      " [ 27 171  40  64]\n",
      " [ 26 165  56  52]\n",
      " [ 42 172  42  45]\n",
      " [ 27 166  42  64]\n",
      " [ 34 189  38  67]\n",
      " [ 26 160  39  56]\n",
      " [ 36 157  49  53]\n",
      " [ 39 151  43  61]\n",
      " [ 40 169  49  55]\n",
      " [ 23 184  43  51]\n",
      " [ 31 172  49  45]\n",
      " [ 26 173  47  66]\n",
      " [ 28 162  52  52]\n",
      " [ 19 138  22  21]\n",
      " [ 36 173  36  41]\n",
      " [ 32 171  44  45]\n",
      " [ 27 163  48  46]\n",
      " [ 28 146  46  64]\n",
      " [ 24 176  39  67]\n",
      " [ 25 152  35  61]\n",
      " [ 28 180  37  57]\n",
      " [ 23 166  60  32]\n",
      " [ 25 174  53  53]\n",
      " [ 36 154  54  56]\n",
      " [ 19  55 152  59]\n",
      " [ 29  36 169  35]\n",
      " [ 20  42 176  51]\n",
      " [ 42  56 135  67]\n",
      " [ 30  32 174  35]\n",
      " [ 28  55 167  42]\n",
      " [ 36  54 171  31]\n",
      " [ 27  63 142  70]\n",
      " [ 27  51 164  44]\n",
      " [ 24  48 161  49]\n",
      " [ 20  55 160  50]\n",
      " [ 31  46 136  64]\n",
      " [ 21  31 188  37]\n",
      " [ 31  46 154  62]\n",
      " [ 21  54 165  54]\n",
      " [ 31  67 138  63]\n",
      " [ 35  82 122  69]\n",
      " [ 30  38 160  51]\n",
      " [ 28  58 139  66]\n",
      " [ 22  62 141  72]\n",
      " [ 22  47 169  44]\n",
      " [ 25  44 167  45]\n",
      " [ 32  45 155  43]\n",
      " [ 34  55 146  65]\n",
      " [ 34  51 163  57]\n",
      " [ 30  38 177  35]\n",
      " [ 31  43 189  41]\n",
      " [ 25  42 156  67]\n",
      " [ 23  45 172  46]\n",
      " [ 17  38 169  47]\n",
      " [ 25  32 173  41]\n",
      " [ 25  54 159  52]\n",
      " [ 29  44 156  57]\n",
      " [ 27  39 144  72]\n",
      " [ 31  65 146  57]\n",
      " [ 19  73 151  44]\n",
      " [ 35  41 163  58]\n",
      " [ 28  60 152  60]\n",
      " [ 23  29 171  46]\n",
      " [ 18  48 176  50]\n",
      " [ 20  47 167  48]\n",
      " [ 15  66 143  59]\n",
      " [ 22  48 175  48]\n",
      " [ 28  50 142  72]\n",
      " [ 22  59 150  85]\n",
      " [ 34  51 146  58]\n",
      " [ 29  49 148  55]\n",
      " [ 29  54 162  60]\n",
      " [ 25  64 160  53]\n",
      " [ 19  59 154  51]\n",
      " [ 31  57  40 168]\n",
      " [ 26  40  53 171]\n",
      " [ 33  55  37 167]\n",
      " [ 16  28  39 193]\n",
      " [ 25  56  32 196]\n",
      " [ 31  40  39 182]\n",
      " [ 21  69  29 188]\n",
      " [ 22  33  45 182]\n",
      " [ 28  63  45 155]\n",
      " [ 31  47  30 183]\n",
      " [ 16  49  34 209]\n",
      " [ 34  55  42 162]\n",
      " [ 33  57  35 187]\n",
      " [ 28  58  40 178]\n",
      " [ 28  63  46 165]\n",
      " [ 18  34  29 196]\n",
      " [ 31  42  38 187]\n",
      " [ 28  39  44 190]\n",
      " [ 23  51  46 154]\n",
      " [ 31  40  23 201]\n",
      " [ 35  54  34 190]\n",
      " [ 21  51  29 194]\n",
      " [ 18  28  37 184]\n",
      " [ 21  79  39 169]\n",
      " [ 46  46  27 184]\n",
      " [ 24  54  47 165]\n",
      " [ 38  34  42 176]\n",
      " [ 41  75  37 177]\n",
      " [ 27  44  65 151]\n",
      " [ 34  45  31 208]\n",
      " [ 19  56  41 168]\n",
      " [ 26  54  51 166]\n",
      " [ 26  47  45 176]\n",
      " [ 16  61  37 185]\n",
      " [ 22  60  45 162]\n",
      " [ 23  47  39 189]\n",
      " [ 21  29  46 172]\n",
      " [ 29  57  50 166]\n",
      " [ 22  52  33 190]\n",
      " [ 33  47  42 163]\n",
      " [ 16  37  37 206]\n",
      " [ 30  57  50 170]\n",
      " [ 39  44  25 208]\n",
      " [ 31  48  43 167]\n",
      " [ 27  52  52 179]\n",
      " [ 30  69  34 170]\n",
      " [ 34  46  58 167]\n",
      " [ 25  65  44 163]\n",
      " [ 27  32  42 202]\n",
      " [ 19  51  55 149]] new\n",
      "[11307 16292 13951 16700] new\n",
      "[[0.22775801 0.27402135 0.2633452  0.23487544]\n",
      " [0.23928571 0.27857143 0.22857143 0.25357143]\n",
      " [0.27666667 0.26       0.26333333 0.2       ]\n",
      " [0.23049645 0.30496454 0.24113475 0.22340426]\n",
      " [0.2293578  0.30275229 0.22324159 0.24464832]\n",
      " [0.22299652 0.24041812 0.28919861 0.24738676]\n",
      " [0.28424658 0.23630137 0.24315068 0.23630137]\n",
      " [0.21454545 0.22181818 0.25454545 0.30909091]\n",
      " [0.26369863 0.24657534 0.22945205 0.26027397]\n",
      " [0.27561837 0.30388693 0.19081272 0.22968198]\n",
      " [0.25       0.25       0.25684932 0.24315068]\n",
      " [0.26388889 0.28472222 0.21875    0.23263889]\n",
      " [0.23611111 0.26041667 0.22916667 0.27430556]\n",
      " [0.27797834 0.26353791 0.22021661 0.23826715]\n",
      " [0.20477816 0.23208191 0.25938567 0.30375427]\n",
      " [0.33670034 0.23905724 0.22222222 0.2020202 ]\n",
      " [0.24342105 0.23684211 0.27631579 0.24342105]\n",
      " [0.24914676 0.2559727  0.25938567 0.23549488]\n",
      " [0.26885246 0.21967213 0.29508197 0.21639344]\n",
      " [0.24422442 0.30363036 0.23432343 0.21782178]\n",
      " [0.27891156 0.21088435 0.2414966  0.26870748]\n",
      " [0.23920266 0.25249169 0.24584718 0.26245847]\n",
      " [0.22545455 0.26181818 0.28363636 0.22909091]\n",
      " [0.25566343 0.23624595 0.28478964 0.22330097]\n",
      " [0.27491409 0.2371134  0.24742268 0.24054983]\n",
      " [0.25081433 0.22801303 0.28013029 0.24104235]\n",
      " [0.24666667 0.26666667 0.23666667 0.25      ]\n",
      " [0.25082508 0.26072607 0.24092409 0.24752475]\n",
      " [0.19713262 0.23297491 0.2688172  0.30107527]\n",
      " [0.24752475 0.25082508 0.24422442 0.25742574]\n",
      " [0.26779661 0.18644068 0.26440678 0.28135593]\n",
      " [0.21223022 0.25539568 0.27697842 0.25539568]\n",
      " [0.28145695 0.25165563 0.1986755  0.26821192]\n",
      " [0.2875817  0.25816993 0.20588235 0.24836601]\n",
      " [0.22857143 0.23571429 0.28571429 0.25      ]\n",
      " [0.23049645 0.24822695 0.24468085 0.27659574]\n",
      " [0.20289855 0.26449275 0.24275362 0.28985507]\n",
      " [0.26739927 0.27106227 0.24175824 0.21978022]\n",
      " [0.26018809 0.2539185  0.26332288 0.22257053]\n",
      " [0.23300971 0.25889968 0.23300971 0.27508091]\n",
      " [0.25333333 0.25       0.23333333 0.26333333]\n",
      " [0.26829268 0.20557491 0.26829268 0.25783972]\n",
      " [0.28571429 0.21785714 0.24642857 0.25      ]\n",
      " [0.22648084 0.27526132 0.29965157 0.19860627]\n",
      " [0.24232082 0.25255973 0.27645051 0.22866894]\n",
      " [0.25255973 0.25255973 0.23208191 0.26279863]\n",
      " [0.24573379 0.20477816 0.27986348 0.26962457]\n",
      " [0.23255814 0.26910299 0.27242525 0.22591362]\n",
      " [0.23875433 0.26643599 0.26989619 0.22491349]\n",
      " [0.27457627 0.26440678 0.25084746 0.21016949]\n",
      " [0.26923077 0.22727273 0.26223776 0.24125874]\n",
      " [0.29692833 0.24573379 0.2559727  0.20136519]\n",
      " [0.29787234 0.20921986 0.23758865 0.25531915]\n",
      " [0.23222749 0.27962085 0.21800948 0.27014218]\n",
      " [0.27564103 0.24679487 0.25320513 0.22435897]\n",
      " [0.23104693 0.2599278  0.27075812 0.23826715]\n",
      " [0.24731183 0.2437276  0.2437276  0.26523297]\n",
      " [0.24482759 0.23793103 0.28965517 0.22758621]\n",
      " [0.20547945 0.2739726  0.28424658 0.23630137]\n",
      " [0.2414966  0.23469388 0.2414966  0.28231293]\n",
      " [0.23174603 0.25079365 0.25079365 0.26666667]\n",
      " [0.26573427 0.20629371 0.29370629 0.23426573]\n",
      " [0.22302158 0.26618705 0.31654676 0.1942446 ]\n",
      " [0.22789116 0.29591837 0.2414966  0.23469388]\n",
      " [0.27338129 0.21223022 0.29136691 0.22302158]\n",
      " [0.28865979 0.27491409 0.22680412 0.20962199]\n",
      " [0.20274914 0.27491409 0.24054983 0.28178694]\n",
      " [0.21993127 0.27835052 0.21649485 0.28522337]\n",
      " [0.27838828 0.23809524 0.23443223 0.24908425]\n",
      " [0.20447284 0.24920128 0.24920128 0.2971246 ]\n",
      " [0.17421603 0.29965157 0.29616725 0.22996516]\n",
      " [0.2996633  0.26599327 0.1986532  0.23569024]\n",
      " [0.2358804  0.2358804  0.24252492 0.28571429]\n",
      " [0.21575342 0.28082192 0.24315068 0.26027397]\n",
      " [0.30215827 0.25179856 0.22661871 0.21942446]\n",
      " [0.26101695 0.26440678 0.25762712 0.21694915]\n",
      " [0.23178808 0.2781457  0.25165563 0.2384106 ]\n",
      " [0.23745819 0.29431438 0.22742475 0.24080268]\n",
      " [0.23255814 0.24916944 0.24252492 0.27574751]\n",
      " [0.23076923 0.24749164 0.24080268 0.28093645]\n",
      " [0.31097561 0.23780488 0.25914634 0.19207317]\n",
      " [0.25266904 0.25978648 0.22775801 0.25978648]\n",
      " [0.22372881 0.2440678  0.26440678 0.26779661]\n",
      " [0.27210884 0.29591837 0.22789116 0.20408163]\n",
      " [0.29392971 0.23003195 0.2428115  0.23322684]\n",
      " [0.26910299 0.23255814 0.26578073 0.23255814]\n",
      " [0.23905724 0.21885522 0.24242424 0.2996633 ]\n",
      " [0.23076923 0.19230769 0.27884615 0.29807692]\n",
      " [0.22789116 0.24829932 0.26870748 0.25510204]\n",
      " [0.275      0.25       0.22       0.255     ]\n",
      " [0.23426573 0.28671329 0.27622378 0.2027972 ]\n",
      " [0.25342466 0.26712329 0.23630137 0.24315068]\n",
      " [0.27112676 0.23591549 0.23239437 0.26056338]\n",
      " [0.26056338 0.26056338 0.23591549 0.24295775]\n",
      " [0.21895425 0.26797386 0.25163399 0.26143791]\n",
      " [0.28937729 0.24908425 0.17216117 0.28937729]\n",
      " [0.3013245  0.24172185 0.21854305 0.2384106 ]\n",
      " [0.2455516  0.22775801 0.28825623 0.23843416]\n",
      " [0.27540984 0.24262295 0.23606557 0.24590164]\n",
      " [0.26       0.23       0.24666667 0.26333333]\n",
      " [0.24561404 0.26315789 0.28421053 0.20701754]\n",
      " [0.23791822 0.21561338 0.27881041 0.26765799]\n",
      " [0.23875433 0.23529412 0.24221453 0.28373702]\n",
      " [0.29333333 0.21666667 0.22666667 0.26333333]\n",
      " [0.29520295 0.27675277 0.21402214 0.21402214]\n",
      " [0.25342466 0.27054795 0.25       0.2260274 ]\n",
      " [0.23287671 0.28767123 0.2260274  0.25342466]\n",
      " [0.27152318 0.24172185 0.27483444 0.21192053]\n",
      " [0.22377622 0.28671329 0.24125874 0.24825175]\n",
      " [0.26241135 0.20212766 0.28723404 0.24822695]\n",
      " [0.27719298 0.24912281 0.23859649 0.23508772]\n",
      " [0.24548736 0.22743682 0.24187726 0.28519856]\n",
      " [0.25270758 0.23104693 0.31046931 0.20577617]\n",
      " [0.26279863 0.27303754 0.2116041  0.25255973]\n",
      " [0.30272109 0.20068027 0.27891156 0.21768707]\n",
      " [0.21070234 0.23411371 0.31438127 0.24080268]\n",
      " [0.24675325 0.24675325 0.24350649 0.26298701]\n",
      " [0.26164875 0.26164875 0.21863799 0.25806452]\n",
      " [0.25429553 0.27147766 0.24054983 0.23367698]\n",
      " [0.22895623 0.27609428 0.21212121 0.28282828]\n",
      " [0.21276596 0.27659574 0.21276596 0.29787234]\n",
      " [0.21352313 0.28113879 0.25978648 0.2455516 ]\n",
      " [0.26545455 0.19636364 0.31636364 0.22181818]\n",
      " [0.24333333 0.27666667 0.22666667 0.25333333]\n",
      " [0.27213115 0.25245902 0.21967213 0.2557377 ]\n",
      " [0.3        0.21071429 0.21428571 0.275     ]\n",
      " [0.22697368 0.26315789 0.26644737 0.24342105]\n",
      " [0.28965517 0.21724138 0.25172414 0.24137931]\n",
      " [0.25874126 0.26573427 0.23426573 0.24125874]\n",
      " [0.18819188 0.2398524  0.29889299 0.27306273]\n",
      " [0.25092251 0.24723247 0.24723247 0.25461255]\n",
      " [0.20344828 0.25862069 0.24482759 0.29310345]\n",
      " [0.24825175 0.26223776 0.18881119 0.3006993 ]\n",
      " [0.24468085 0.22340426 0.23404255 0.29787234]\n",
      " [0.23745819 0.26755853 0.26086957 0.23411371]\n",
      " [0.22299652 0.26480836 0.30662021 0.20557491]\n",
      " [0.25925926 0.22895623 0.24579125 0.26599327]\n",
      " [0.25       0.23666667 0.28333333 0.23      ]\n",
      " [0.23048327 0.3197026  0.22304833 0.2267658 ]\n",
      " [0.24657534 0.24315068 0.28767123 0.22260274]\n",
      " [0.28368794 0.21985816 0.25177305 0.24468085]\n",
      " [0.22261484 0.27208481 0.25088339 0.25441696]\n",
      " [0.2116041  0.24232082 0.25938567 0.28668942]\n",
      " [0.21232877 0.28082192 0.21575342 0.29109589]\n",
      " [0.25632911 0.25316456 0.25949367 0.23101266]\n",
      " [0.2733564  0.24567474 0.24567474 0.23529412]\n",
      " [0.24911032 0.24199288 0.28825623 0.22064057]\n",
      " [0.2295082  0.25245902 0.27213115 0.24590164]\n",
      " [0.28807947 0.24503311 0.22847682 0.2384106 ]\n",
      " [0.25441696 0.22261484 0.25795053 0.26501767]\n",
      " [0.22972973 0.25       0.24324324 0.27702703]\n",
      " [0.21724138 0.23103448 0.25172414 0.3       ]\n",
      " [0.21575342 0.27054795 0.24315068 0.27054795]\n",
      " [0.20289855 0.28623188 0.2173913  0.29347826]\n",
      " [0.23300971 0.26860841 0.24271845 0.25566343]\n",
      " [0.23630137 0.25       0.30479452 0.20890411]\n",
      " [0.27035831 0.22801303 0.2247557  0.27687296]\n",
      " [0.24468085 0.21276596 0.30851064 0.23404255]\n",
      " [0.30584192 0.2233677  0.21993127 0.25085911]\n",
      " [0.21649485 0.2371134  0.26804124 0.27835052]\n",
      " [0.21103896 0.23701299 0.29545455 0.25649351]\n",
      " [0.2559727  0.22525597 0.29010239 0.22866894]\n",
      " [0.24358974 0.2275641  0.21794872 0.31089744]\n",
      " [0.21052632 0.28289474 0.23684211 0.26973684]\n",
      " [0.29801325 0.24834437 0.2218543  0.23178808]\n",
      " [0.2166065  0.28519856 0.24909747 0.24909747]\n",
      " [0.26845638 0.22147651 0.29194631 0.21812081]\n",
      " [0.27242525 0.25249169 0.22259136 0.25249169]\n",
      " [0.22262774 0.28832117 0.27737226 0.21167883]\n",
      " [0.25423729 0.25084746 0.2440678  0.25084746]\n",
      " [0.25239617 0.26837061 0.24920128 0.23003195]\n",
      " [0.25084746 0.21355932 0.28474576 0.25084746]\n",
      " [0.25093633 0.20973783 0.28838951 0.25093633]\n",
      " [0.22402597 0.23051948 0.25649351 0.28896104]\n",
      " [0.2310231  0.21782178 0.25082508 0.30033003]\n",
      " [0.28275862 0.25517241 0.21034483 0.25172414]\n",
      " [0.27586207 0.23448276 0.24137931 0.24827586]\n",
      " [0.28787879 0.25151515 0.21818182 0.24242424]\n",
      " [0.21602787 0.24041812 0.28919861 0.2543554 ]\n",
      " [0.22327044 0.24528302 0.23899371 0.29245283]\n",
      " [0.26408451 0.22183099 0.27112676 0.24295775]\n",
      " [0.24579125 0.21885522 0.25589226 0.27946128]\n",
      " [0.28911565 0.23129252 0.23809524 0.2414966 ]\n",
      " [0.25083612 0.26421405 0.25752508 0.22742475]\n",
      " [0.28027682 0.24221453 0.28027682 0.19723183]\n",
      " [0.25503356 0.24161074 0.18456376 0.31879195]\n",
      " [0.29104478 0.23507463 0.21268657 0.26119403]\n",
      " [0.29470199 0.23509934 0.25165563 0.21854305]\n",
      " [0.24579125 0.22895623 0.25925926 0.26599327]\n",
      " [0.27368421 0.26315789 0.26315789 0.2       ]\n",
      " [0.28716216 0.25337838 0.23986486 0.21959459]\n",
      " [0.26710098 0.24429967 0.26058632 0.22801303]\n",
      " [0.2721519  0.21835443 0.28164557 0.2278481 ]\n",
      " [0.27681661 0.23183391 0.22145329 0.26989619]\n",
      " [0.24193548 0.25483871 0.29354839 0.20967742]\n",
      " [0.26732673 0.24092409 0.24752475 0.24422442]\n",
      " [0.26885246 0.24918033 0.24262295 0.23934426]\n",
      " [0.23905724 0.24579125 0.27272727 0.24242424]\n",
      " [0.23432343 0.2970297  0.23762376 0.2310231 ]\n",
      " [0.25182482 0.25182482 0.25182482 0.24452555]]\n",
      "[[0.5480427  0.19572954 0.16370107 0.09252669]\n",
      " [0.49642857 0.23928571 0.05357143 0.21071429]\n",
      " [0.64666667 0.13666667 0.16666667 0.05      ]\n",
      " [0.46453901 0.30851064 0.14184397 0.08510638]\n",
      " [0.41896024 0.39755352 0.04281346 0.14067278]\n",
      " [0.45644599 0.1358885  0.22996516 0.17770035]\n",
      " [0.68835616 0.08561644 0.09246575 0.13356164]\n",
      " [0.48363636 0.04727273 0.09090909 0.37818182]\n",
      " [0.50684932 0.21575342 0.08219178 0.19520548]\n",
      " [0.6254417  0.2155477  0.02826855 0.13074205]\n",
      " [0.54452055 0.1609589  0.11986301 0.17465753]\n",
      " [0.51388889 0.24652778 0.05902778 0.18055556]\n",
      " [0.50347222 0.20833333 0.10763889 0.18055556]\n",
      " [0.57039711 0.23104693 0.06498195 0.13357401]\n",
      " [0.39249147 0.18430034 0.10238908 0.32081911]\n",
      " [0.68686869 0.16161616 0.08417508 0.06734007]\n",
      " [0.39144737 0.23026316 0.19078947 0.1875    ]\n",
      " [0.49488055 0.2116041  0.13651877 0.15699659]\n",
      " [0.51803279 0.10491803 0.20655738 0.1704918 ]\n",
      " [0.39273927 0.31353135 0.15181518 0.14191419]\n",
      " [0.54081633 0.1122449  0.11564626 0.23129252]\n",
      " [0.49501661 0.20265781 0.09634551 0.20598007]\n",
      " [0.45454545 0.21454545 0.17454545 0.15636364]\n",
      " [0.44660194 0.13592233 0.2394822  0.17799353]\n",
      " [0.52233677 0.16151203 0.12027491 0.19587629]\n",
      " [0.43648208 0.22149837 0.18566775 0.15635179]\n",
      " [0.42666667 0.21666667 0.15       0.20666667]\n",
      " [0.39273927 0.27722772 0.12541254 0.20462046]\n",
      " [0.53763441 0.11111111 0.11469534 0.23655914]\n",
      " [0.48514851 0.19141914 0.12211221 0.20132013]\n",
      " [0.57627119 0.10847458 0.14237288 0.17288136]\n",
      " [0.48201439 0.21942446 0.1618705  0.13669065]\n",
      " [0.55298013 0.17218543 0.0794702  0.19536424]\n",
      " [0.42156863 0.26797386 0.10784314 0.20261438]\n",
      " [0.47142857 0.20357143 0.14285714 0.18214286]\n",
      " [0.4751773  0.14893617 0.13475177 0.24113475]\n",
      " [0.44202899 0.23913043 0.13043478 0.1884058 ]\n",
      " [0.5018315  0.23809524 0.15384615 0.10622711]\n",
      " [0.4137931  0.32915361 0.09717868 0.15987461]\n",
      " [0.45631068 0.24271845 0.11326861 0.18770227]\n",
      " [0.49       0.2        0.09       0.22      ]\n",
      " [0.50522648 0.16027875 0.1533101  0.18118467]\n",
      " [0.51785714 0.12857143 0.18214286 0.17142857]\n",
      " [0.48780488 0.19512195 0.13937282 0.17770035]\n",
      " [0.46075085 0.22525597 0.14334471 0.17064846]\n",
      " [0.50511945 0.19795222 0.10238908 0.19453925]\n",
      " [0.48464164 0.15699659 0.19112628 0.16723549]\n",
      " [0.46511628 0.20598007 0.15614618 0.17275748]\n",
      " [0.46020761 0.18685121 0.20415225 0.14878893]\n",
      " [0.41355932 0.25762712 0.14576271 0.18305085]\n",
      " [0.09090909 0.58041958 0.12587413 0.2027972 ]\n",
      " [0.06825939 0.64846416 0.15017065 0.1331058 ]\n",
      " [0.09574468 0.62411348 0.14893617 0.13120567]\n",
      " [0.07582938 0.64454976 0.11374408 0.16587678]\n",
      " [0.10576923 0.61217949 0.11858974 0.16346154]\n",
      " [0.09386282 0.59927798 0.17689531 0.1299639 ]\n",
      " [0.07885305 0.65949821 0.11469534 0.14695341]\n",
      " [0.12758621 0.51034483 0.14827586 0.2137931 ]\n",
      " [0.07191781 0.57876712 0.14383562 0.20547945]\n",
      " [0.0952381  0.57823129 0.16326531 0.16326531]\n",
      " [0.0952381  0.50793651 0.14603175 0.25079365]\n",
      " [0.12937063 0.57692308 0.14685315 0.14685315]\n",
      " [0.09352518 0.61151079 0.1294964  0.16546763]\n",
      " [0.1122449  0.67006803 0.0952381  0.12244898]\n",
      " [0.08992806 0.56834532 0.18345324 0.15827338]\n",
      " [0.0790378  0.58419244 0.15463918 0.18213058]\n",
      " [0.11340206 0.58419244 0.13402062 0.16838488]\n",
      " [0.07216495 0.63230241 0.09278351 0.20274914]\n",
      " [0.10989011 0.5970696  0.15384615 0.13919414]\n",
      " [0.0543131  0.60702875 0.15974441 0.17891374]\n",
      " [0.09407666 0.65156794 0.10801394 0.14634146]\n",
      " [0.11447811 0.62626263 0.12794613 0.13131313]\n",
      " [0.12624585 0.55149502 0.12624585 0.19601329]\n",
